function c = cmap()
c = [
    0.0660    0.4430    0.7450;
    0.8660    0.3290    0.0000;
    0.9290    0.6940    0.1250;
    0.5210    0.0860    0.8190;
    0.2310    0.6660    0.1960;
    0.1840    0.7450    0.9370;
    0.8190    0.0150    0.5450;
    0.0000    0.6000    0.6000
    ];
end